[74037.403263] [Project1] 3759390 1588498021.463162613 1588498022.321667560
[74039.151282] [Project1] 3759585 1588498023.186840051 1588498024.069686951
[74040.873522] [Project1] 3759806 1588498024.956330250 1588498025.791930441
[74042.635960] [Project1] 3760029 1588498026.673546020 1588498027.554371854
[74044.439305] [Project1] 3760034 1588498028.447656720 1588498029.357722098
[74046.179938] [Project1] 3760253 1588498030.232454902 1588498031.098353791
[74047.905984] [Project1] 3760258 1588498031.982317698 1588498032.824394515
[74049.673533] [Project1] 3760263 1588498033.714699356 1588498034.591954036
[74050.598063] [Project1] 3760303 1588498034.643284952 1588498035.516485215
[74051.503510] [Project1] 3760304 1588498035.516598888 1588498036.421937461
[74052.351703] [Project1] 3760306 1588498036.422040564 1588498037.270129546
[74053.223077] [Project1] 3760307 1588498037.270243932 1588498038.141504598
[74054.102182] [Project1] 3760310 1588498038.141615819 1588498039.020610264
[74068.124450] [Project1] 3760821 1588498040.138619575 1588498053.042899428
[74070.746268] [Project1] 3760824 1588498040.991519673 1588498055.664722094
