[74047.905984] [Project1] 3760258 1588498031.982317698 1588498032.824394515
[74049.673533] [Project1] 3760263 1588498033.714699356 1588498034.591954036
[74050.598063] [Project1] 3760303 1588498034.643284952 1588498035.516485215
[74051.503510] [Project1] 3760304 1588498035.516598888 1588498036.421937461
[74052.351703] [Project1] 3760306 1588498036.422040564 1588498037.270129546
[74053.223077] [Project1] 3760307 1588498037.270243932 1588498038.141504598
[74054.102182] [Project1] 3760310 1588498038.141615819 1588498039.020610264
[74068.124450] [Project1] 3760821 1588498040.138619575 1588498053.042899428
[74070.746268] [Project1] 3760824 1588498040.991519673 1588498055.664722094
[74101.592260] [Project1] 3761091 1588498062.959703480 1588498086.510764539
[74104.161799] [Project1] 3760974 1588498057.729376144 1588498089.080304851
[74104.988418] [Project1] 3761086 1588498060.403759573 1588498089.906925177
[74118.594968] [Project1] 3761100 1588498069.689414960 1588498103.513496828
[74121.954411] [Project1] 3761097 1588498067.172863219 1588498106.872946086
[74123.734412] [Project1] 3761096 1588498066.282884848 1588498108.652953428
