[74068.124450] [Project1] 3760821 1588498040.138619575 1588498053.042899428
[74070.746268] [Project1] 3760824 1588498040.991519673 1588498055.664722094
[74101.592260] [Project1] 3761091 1588498062.959703480 1588498086.510764539
[74104.161799] [Project1] 3760974 1588498057.729376144 1588498089.080304851
[74104.988418] [Project1] 3761086 1588498060.403759573 1588498089.906925177
[74118.594968] [Project1] 3761100 1588498069.689414960 1588498103.513496828
[74121.954411] [Project1] 3761097 1588498067.172863219 1588498106.872946086
[74123.734412] [Project1] 3761096 1588498066.282884848 1588498108.652953428
[74133.377684] [Project1] 3761624 1588498111.317857306 1588498118.296239772
[74134.254497] [Project1] 3761625 1588498112.183098131 1588498119.173056056
[74135.131488] [Project1] 3761626 1588498113.026443752 1588498120.050046529
[74149.295706] [Project1] 3761623 1588498110.452467071 1588498134.214262444
[74156.384343] [Project1] 3761743 1588498114.753549962 1588498141.302938699
[74159.054677] [Project1] 3761622 1588498109.580306878 1588498143.973275625
[74164.366207] [Project1] 3761620 1588498108.703456152 1588498149.284816658
