[74123.734412] [Project1] 3761096 1588498066.282884848 1588498108.652953428
[74133.377684] [Project1] 3761624 1588498111.317857306 1588498118.296239772
[74134.254497] [Project1] 3761625 1588498112.183098131 1588498119.173056056
[74135.131488] [Project1] 3761626 1588498113.026443752 1588498120.050046529
[74149.295706] [Project1] 3761623 1588498110.452467071 1588498134.214262444
[74156.384343] [Project1] 3761743 1588498114.753549962 1588498141.302938699
[74159.054677] [Project1] 3761622 1588498109.580306878 1588498143.973275625
[74164.366207] [Project1] 3761620 1588498108.703456152 1588498149.284816658
[74173.769991] [Project1] 3762837 1588498151.883845670 1588498158.688611353
[74174.528183] [Project1] 3762838 1588498152.784474512 1588498159.446805258
[74176.230111] [Project1] 3762839 1588498154.434003991 1588498161.148712633
[74189.076071] [Project1] 3762727 1588498151.002255229 1588498173.994717360
[74195.962525] [Project1] 3762840 1588498155.251349678 1588498180.881185085
[74198.424191] [Project1] 3762726 1588498150.211139093 1588498183.342853893
[74203.826252] [Project1] 3762725 1588498149.334799763 1588498188.744924357
