[77882.145376] [Project1] 1358222 77881.317842540 77882.162033885
[77883.930925] [Project1] 1358335 77883.051615009 77883.947582690
[77885.693014] [Project1] 1358344 77884.836847424 77885.709683550
[77887.390398] [Project1] 1358347 77886.589307954 77887.407072808
[77889.175203] [Project1] 1358352 77888.297590580 77889.191885688
[77890.938044] [Project1] 1358359 77890.077405321 77890.954729692
[77892.683309] [Project1] 1358472 77891.836978490 77892.700006427
[77894.461515] [Project1] 1358477 77893.593768319 77894.478219892
[77896.239180] [Project1] 1358484 77895.372338403 77896.255893988
[77898.005204] [Project1] 1358487 77897.140871193 77898.021918789
